% 1a
A = [2 1 1;
     0 -3 4];

B = [3 -1 3;
     2 0 5];

no1a = A + B

% 1b
A = [1 2;
     3 0];

B = [1 3;
    0 -4];

no1b = 3*A - 2*B
